144.50761
394.05506
455.22506
76.18371
13.72921
61.13128
216.20306
75.22569
211.55945
279.38741
318.60488
345.66756
119.00912
218.50427
235.23005
277.42139
305.80242
423.48044
126.66817
122.00362
398.46055
45.40798
218.19972
484.81762
125.59303
64.69413
497.04159
22.04926
96.39432
204.63371
252.13207
480.07473
299.75074
80.91478
138.76552
67.76930
154.73839
266.96904
13.71723
269.74704
412.03281
378.62331
-1.82955
472.89003
483.23156
26.47770
115.63535
231.71499
260.74333
405.31770
295.89668
393.81468
52.48764
75.23641
393.07797
416.43648
109.58521
62.43977
41.34872
250.53046
163.79224
169.61677
320.22210
338.59133
260.19579
265.74847
246.97924
194.53484
439.21872
214.63792
193.68368
238.26039
74.99980
304.61046
108.57517
143.51494
349.69082
282.45096
396.25781
449.81194
267.54221
479.64068
294.74614
294.31061
91.99318
120.69912
198.23009
144.74380
254.06664
437.28689
223.15650
325.70212
182.12149
270.26977
257.56599
52.98173
138.49036
102.09971
280.29647
432.11774
265.48490
9.74301
55.56647
34.38182
446.11625
426.14653
259.56660
0.76102
440.33935
232.28633
213.62012
344.68606
411.49018
275.61060
134.15391
347.56665
321.95528
394.73302
403.91029
109.00480
299.58493
336.52840
146.73741
228.18996
128.06876
363.66900
420.51395
415.36970
390.89276
265.39075
464.62086
434.16173
-1.71157
374.36401
46.08095
414.08327
430.83514
344.34146
207.21754
384.70238
460.77333
468.87881
410.93849
55.64473
49.54156
463.63511
359.36730
72.21402
227.20727
71.37388
229.81174
202.75230
114.94855
149.54309
364.78473
349.37966
74.79159
474.69069
255.49882
298.62265
98.51425
14.26237
21.03472
161.96576
49.57691
173.10542
91.25715
182.63761
495.96907
390.06859
170.14241
267.25479
275.39194
282.21215
86.85296
232.21353
445.98827
41.88349
341.32650
263.75757
344.58724
403.90791
374.95500
312.30780
82.51676
453.57793
495.53368
158.75274
441.66188
345.06694
427.56365
303.96474
423.53991
125.68056
165.09405
326.30034
371.84422
464.62746
180.62903
299.20008
124.41861
22.68203
61.29079
162.78233
71.26683
422.42122
64.57619
375.43459
416.96837
386.20084
194.08901
321.89508
224.86891
419.59131
248.90632
170.07503
171.04877
397.74771
284.44897
423.19968
330.07546
138.16082
132.49877
127.46184
164.30716
41.13320
266.41076
463.72415
343.61532
388.29528
361.99100
392.08798
234.02513
142.75232
84.73131
355.17302
29.87846
402.75581
64.55291
317.23244
498.36305
312.64750
217.25849
413.78504
206.61075
463.21269
66.34990
451.81550
51.52137
183.51682
16.77337
0.22304
294.36089
479.77039
277.94136
302.78906
271.56115
176.15965
292.26699
64.75808
286.49287
161.79476
309.27020
29.15717
245.31132
324.34390
190.33697
180.79096
284.58798
89.42100
177.31850
344.89344
15.25405
413.52215
404.10119
230.09971
407.78350
16.68865
53.02498
337.32309
231.61688
318.43992
491.99387
202.43746
123.52808
424.25686
211.34204
244.97165
436.06995
118.57149
347.12411
148.09983
449.18586
492.94655
444.92155
140.38429
92.92164
172.92655
145.41157
81.73451
102.81437
233.89381
72.02409
264.86379
256.75304
476.72559
119.97154
414.54744
217.80281
450.47414
437.40060
239.79845
421.57652
209.60259
192.87849
182.61143
435.06216
56.66715
444.02220
232.49852
240.32737
166.17412
408.64899
252.24466
476.18363
365.37615
214.32766
210.29051
62.80295
96.98188
203.52820
374.77191
363.37094
64.52949
271.97344
225.37239
222.23650
6.04760
349.59372
207.45697
373.53261
306.22784
198.23629
264.57066
99.28534
465.75736
65.72431
371.25350
160.38009
235.26257
249.18116
193.44570
228.25993
438.42656
207.64027
170.63039
39.93135
83.02973
473.77052
304.66678
394.82498
388.04622
137.26139
211.30345
74.71596
89.81950
318.09807
230.69098
71.10489
3.17632
433.32344
296.85113
266.48035
308.87539
88.41353
45.02102
288.87851
307.31153
228.04287
471.54860
323.74932
50.93810
6.21390
38.53176
76.87710
452.64007
34.84018
317.34648
468.70644
415.73104
400.01067
9.79182
-4.97675
496.40063
214.53496
124.93423
25.09471
342.36350
0.61093
207.57041
298.47116
496.85724
183.94534
239.39086
218.92271
376.71873
200.81473
225.69477
480.88157
35.76229
252.44049
73.30534
245.67947
153.55380
319.85705
10.89885
173.43469
223.23805
37.03376
245.09112
26.07430
253.31383
268.64734
109.44115
266.30454
138.71330
73.11124
78.77430
2.90678
194.75540
448.74215
292.46475
357.34492
391.46459
124.59038
67.72431
103.17875
164.31519
40.46085
373.09151
428.80239
294.68553
337.92978
11.04702
457.57728
15.85379
208.61867
152.01412
408.86842
163.27066
186.30451
263.79048
36.46067
202.38045
326.63586
204.39609
156.05922
400.42546
367.93533
52.55130
380.39009
227.72082
384.94240
334.77873
130.79284
143.64778
84.75997
124.37354
212.53410
238.65143
180.90129
235.48926
87.85149
286.81499
260.91493
345.55364
456.33081
249.16583
452.58229
28.36426
80.49551
366.19046
424.73126
349.89828
56.18529
371.25331
284.53925
452.37891
379.57221
176.45416
382.11250
139.14205
480.22972
38.73615
490.30089
22.40167
8.68672
210.08002
260.54495
463.70597
117.33479
229.20738
133.51714
73.68000
193.94584
262.36433
86.06890
405.97809
190.83696
259.10407
228.61983
467.69089
251.82348
75.92266
385.30766
225.94688
348.21083
190.73799
274.09706
394.91650
50.32496
228.66962
173.78693
193.74617
156.40964
488.84300
313.60364
66.41126
73.31892
25.76150
21.18581
131.18380
350.84319
381.92044
228.95725
-3.73736
280.15899
36.10490
35.14245
353.66248
91.15559
185.84167
93.34644
310.17640
195.75433
-1.71926
417.09057
-4.52259
163.43108
150.63638
50.16445
178.88417
91.72290
268.77530
122.84210
64.27661
339.79910
327.88815
451.83251
118.71923
277.07213
112.72493
417.34395
170.00230
287.76895
100.64477
354.35244
414.68079
307.57718
299.52682
284.28495
452.35814
478.20094
283.40610
451.60617
328.74179
454.09940
464.48818
37.23112
470.70684
254.20602
479.26038
390.32202
204.41403
87.37836
418.25082
476.75062
325.98898
344.80543
338.97846
375.78077
71.02665
410.36458
335.31922
452.36708
291.46706
102.67537
162.88944
336.84945
395.98039
427.40325
4.74963
482.77014
237.79322
112.96125
51.24088
21.49911
165.49815
424.61072
5.23560
221.42009
353.55184
400.79590
197.05626
346.26639
93.50390
112.36731
76.67402
13.76709
74.28491
94.21163
403.61635
316.21105
127.11270
330.91605
167.11608
34.48632
73.52074
409.36949
259.35767
399.11611
479.45191
243.69124
34.82704
58.44180
217.11514
234.74048
123.39131
155.02053
393.14936
54.79659
40.96993
348.29488
221.16967
36.17167
366.44663
259.16173
354.91344
38.89495
21.39831
6.08504
387.87680
372.52635
449.91480
329.92634
179.39661
290.63116
357.49917
287.66148
410.51370
309.32114
350.97971
194.71738
31.14772
492.90459
477.84505
199.74106
89.41973
331.46213
298.85977
464.93698
197.24021
7.11493
8.69539
277.80035
334.20201
14.54031
274.64954
323.39508
453.72676
315.62017
-0.69964
400.96282
63.11800
263.84868
394.88255
47.65816
260.69464
3.53387
174.56809
439.98819
388.87672
265.79744
427.17309
277.00129
59.16506
472.35079
2.77639
164.04382
28.49180
36.71150
15.35603
158.32633
294.68719
203.56322
162.16212
349.36610
376.35831
435.52073
466.06448
174.63678
314.71858
429.77198
341.56152
431.83137
175.84539
154.88839
97.08118
472.43967
198.92074
151.10731
125.05991
199.58384
354.20422
290.09489
200.09056
48.95461
279.10162
18.95252
44.65961
182.33924
439.91963
370.80395
459.98633
202.84990
403.55209
223.09625
301.43859
392.32470
248.35736
50.29195
138.31040
106.11061
17.13113
229.57838
51.16168
92.85453
385.47823
140.71760
463.76378
178.14292
54.77438
79.97870
191.99450
70.83520
35.10366
90.28210
51.24799
97.86076
419.72870
279.71467
79.71629
416.44285
294.81318
49.63038
470.13720
375.96853
447.19973
417.89263
135.12660
416.24154
128.60731
352.72068
417.95821
328.53670
78.46291
407.23195
371.57864
149.66837
468.05524
115.97693
278.46676
412.14516
387.90555
358.07418
340.75596
141.94169
450.54173
152.17462
197.29949
194.78453
391.04338
254.17457
34.07335
398.43262
41.12599
424.48259
139.99831
228.31042
41.39255
388.71766
67.99804
341.52210
470.80364
140.67796
193.53532
107.30987
148.20816
154.32872
449.00633
312.01828
183.72416
278.60545
390.08931
423.45686
330.94480
95.21266
236.31198
232.74054
398.28196
305.68049
236.49212
211.22859
342.80648
162.66579
164.16320
108.43103
167.82856
145.19241
265.86553
305.59716
345.79465
283.43973
259.63380
66.20382
35.52112
14.05863
196.74740
27.83879
368.70072
83.73790
30.89869
361.39177
427.58869
215.71269
497.58399
232.59125
388.62790
485.57190
50.76484
373.48941
246.20455
-1.27935
299.82235
482.61135
359.79622
411.74536
257.25133
99.57023
376.24920
199.84655
317.98570
127.74232
385.66012
474.22512
306.18450
198.20364
254.87294
303.02846
437.90825
240.91717
427.04200
440.22165
224.61537
160.33642
82.27205
257.94713
102.01036
431.41167
238.96744
453.40008
349.01457
498.15034
332.17810
249.75182
118.15095
255.98087
427.86269
428.18780
233.64718
158.13280
6.22344
197.85158
190.33159
2.03438
38.51961
473.57048
258.95660
270.92985
266.92338
345.05997
33.00486
427.86339
117.77254
306.91332
380.01807
58.23143
14.93368
428.86267
406.37884
333.42383
425.83699
18.96747
405.12348
113.16198
419.45199
310.87955
162.22411
-4.89098
470.02595
139.95047
393.21823
327.39555
303.13068
6.21129
78.32881
419.36726
223.89730
198.16095
306.21507
347.63518
144.99049
454.02862
272.69381
131.63906
349.16110
460.93960
7.05970
289.32991
42.85222
127.32033
148.67604
155.03255
118.39884
131.60002
170.71072
143.30647
383.69428
498.52444
316.37564
177.35587
317.13785
387.39204
182.76912
193.79802
416.02007
91.96731
432.09167
33.38517
372.42637
438.21530
45.30703
351.72985
226.21495
1.23563
343.77806
10.31303
210.14910
486.37626
245.30044
116.84247
78.49496
83.78458
221.80508
12.20838
92.84016
220.95993
18.19977
415.33047
461.66285
371.03192
209.49328
244.58032
49.87272
350.03887
294.22254
89.27579
464.23176
213.73705
425.62862
116.03016
25.65350
352.78181
379.13217
358.77073
166.67465
228.06777
179.71715
316.00514
327.70739
